# F150W  source: SVO FPS id=JWST/NIRCam.F150W
# wavelength[AA] transmission
12797.900 1.140180e-04
12807.900 1.309040e-04
12817.900 1.505530e-04
12827.900 1.727600e-04
12837.900 1.982650e-04
12847.900 2.273380e-04
12857.900 2.615160e-04
12867.900 3.026310e-04
12877.900 3.462760e-04
12887.900 4.019400e-04
12897.900 4.667040e-04
12907.900 5.394740e-04
12917.900 6.251610e-04
12927.900 7.381850e-04
12937.900 8.609260e-04
12947.900 1.006880e-03
12957.900 1.201390e-03
12967.900 1.421810e-03
12977.900 1.693820e-03
12987.900 2.043970e-03
12997.900 2.461390e-03
13007.900 2.972290e-03
13017.900 3.618020e-03
13027.900 4.412970e-03
13037.900 5.357650e-03
13047.900 6.494370e-03
13057.900 7.803390e-03
13067.900 9.026630e-03
13077.900 9.894390e-03
13087.900 1.098510e-02
13097.900 1.194220e-02
13107.900 1.307910e-02
13117.900 1.451650e-02
13127.900 1.627480e-02
13137.900 1.814050e-02
13147.900 2.070800e-02
13157.900 2.289070e-02
13167.900 2.622770e-02
13177.900 2.972410e-02
13187.900 3.469170e-02
13197.900 4.007400e-02
13207.900 4.754860e-02
13217.900 5.569050e-02
13227.900 6.595810e-02
13237.900 7.694760e-02
13247.900 9.126550e-02
13257.900 1.052730e-01
13267.900 1.226190e-01
13277.900 1.414420e-01
13287.900 1.631530e-01
13297.900 1.863280e-01
13307.900 2.114120e-01
13317.900 2.360190e-01
13327.900 2.606680e-01
13337.900 2.847540e-01
13347.900 3.060250e-01
13357.900 3.248490e-01
13367.900 3.406040e-01
13377.900 3.538100e-01
13387.900 3.635840e-01
13397.900 3.708720e-01
13407.900 3.759960e-01
13417.900 3.793460e-01
13427.900 3.817220e-01
13437.900 3.851530e-01
13447.900 3.844080e-01
13457.900 3.859710e-01
13467.900 3.881450e-01
13477.900 3.885800e-01
13487.900 3.898360e-01
13497.900 3.906280e-01
13507.900 3.924130e-01
13517.900 3.928870e-01
13527.900 3.931850e-01
13537.900 3.945780e-01
13547.900 3.937620e-01
13557.900 3.943910e-01
13567.900 3.943740e-01
13577.900 3.939100e-01
13587.900 3.937820e-01
13597.900 3.933190e-01
13607.900 3.926140e-01
13617.900 3.919820e-01
13627.900 3.907990e-01
13637.900 3.910440e-01
13647.900 3.918160e-01
13657.900 3.918510e-01
13667.900 3.905660e-01
13677.900 3.902300e-01
13687.900 3.911940e-01
13697.900 3.908830e-01
13707.900 3.919500e-01
13717.900 3.918050e-01
13727.900 3.908140e-01
13737.900 3.908280e-01
13747.900 3.906740e-01
13757.900 3.908310e-01
13767.900 3.905710e-01
13777.900 3.906990e-01
13787.900 3.902580e-01
13797.900 3.897780e-01
13807.900 3.889640e-01
13817.900 3.889340e-01
13827.900 3.903050e-01
13837.900 3.895720e-01
13847.900 3.892600e-01
13857.900 3.895560e-01
13867.900 3.895870e-01
13877.900 3.883300e-01
13887.900 3.887510e-01
13897.900 3.897240e-01
13907.900 3.902490e-01
13917.900 3.896950e-01
13927.900 3.909390e-01
13937.900 3.907520e-01
13947.900 3.916940e-01
13957.900 3.922990e-01
13967.900 3.926020e-01
13977.900 3.943880e-01
13987.900 3.946540e-01
13997.900 3.948580e-01
14007.900 3.965930e-01
14017.900 3.970730e-01
14027.900 3.977620e-01
14037.900 3.987750e-01
14047.900 3.991820e-01
14057.900 4.007760e-01
14067.900 4.010690e-01
14077.900 4.010400e-01
14087.900 4.023240e-01
14097.900 4.033950e-01
14107.900 4.027410e-01
14117.900 4.044250e-01
14127.900 4.051290e-01
14137.900 4.065790e-01
14147.900 4.065830e-01
14157.900 4.073860e-01
14167.900 4.085210e-01
14177.900 4.079320e-01
14187.900 4.096960e-01
14197.900 4.097090e-01
14207.900 4.100560e-01
14217.900 4.115840e-01
14227.900 4.118050e-01
14237.900 4.129720e-01
14247.900 4.131840e-01
14257.900 4.123730e-01
14267.900 4.137320e-01
14277.900 4.138620e-01
14287.900 4.139110e-01
14297.900 4.161240e-01
14307.900 4.163250e-01
14317.900 4.169820e-01
14327.900 4.161090e-01
14337.900 4.165390e-01
14347.900 4.174040e-01
14357.900 4.168960e-01
14367.900 4.169030e-01
14377.900 4.180770e-01
14387.900 4.182000e-01
14397.900 4.181210e-01
14407.900 4.192600e-01
14417.900 4.184810e-01
14427.900 4.191690e-01
14437.900 4.197580e-01
14447.900 4.202740e-01
14457.900 4.193730e-01
14467.900 4.200940e-01
14477.900 4.198200e-01
14487.900 4.213720e-01
14497.900 4.202540e-01
14507.900 4.201320e-01
14517.900 4.212330e-01
14527.900 4.211280e-01
14537.900 4.195230e-01
14547.900 4.185560e-01
14557.900 4.197720e-01
14567.900 4.186270e-01
14577.900 4.184100e-01
14587.900 4.189170e-01
14597.900 4.180440e-01
14607.900 4.162810e-01
14617.900 4.150920e-01
14627.900 4.147810e-01
14637.900 4.142900e-01
14647.900 4.143980e-01
14657.900 4.144660e-01
14667.900 4.125240e-01
14677.900 4.123190e-01
14687.900 4.123270e-01
14697.900 4.112720e-01
14707.900 4.097550e-01
14717.900 4.094300e-01
14727.900 4.102620e-01
14737.900 4.088430e-01
14747.900 4.106660e-01
14757.900 4.096060e-01
14767.900 4.101580e-01
14777.900 4.103110e-01
14787.900 4.104770e-01
14797.900 4.107320e-01
14807.900 4.102700e-01
14817.900 4.109300e-01
14827.900 4.116500e-01
14837.900 4.115930e-01
14847.900 4.130520e-01
14857.900 4.155800e-01
14867.900 4.147590e-01
14877.900 4.158100e-01
14887.900 4.163240e-01
14897.900 4.169100e-01
14907.900 4.176580e-01
14917.900 4.194720e-01
14927.900 4.198250e-01
14937.900 4.202850e-01
14947.900 4.211160e-01
14957.900 4.224390e-01
14967.900 4.236190e-01
14977.900 4.233860e-01
14987.900 4.244160e-01
14997.900 4.269030e-01
15007.900 4.274150e-01
15017.900 4.274140e-01
15027.900 4.277340e-01
15037.900 4.293090e-01
15047.900 4.297390e-01
15057.900 4.303410e-01
15067.900 4.318870e-01
15077.900 4.319190e-01
15087.900 4.331960e-01
15097.900 4.343120e-01
15107.900 4.350240e-01
15117.900 4.346910e-01
15127.900 4.361420e-01
15137.900 4.366900e-01
15147.900 4.356490e-01
15157.900 4.364590e-01
15167.900 4.366230e-01
15177.900 4.380000e-01
15187.900 4.363690e-01
15197.900 4.375670e-01
15207.900 4.367410e-01
15217.900 4.360050e-01
15227.900 4.381400e-01
15237.900 4.365150e-01
15247.900 4.354950e-01
15257.900 4.361910e-01
15267.900 4.364590e-01
15277.900 4.361010e-01
15287.900 4.354500e-01
15297.900 4.339190e-01
15307.900 4.354200e-01
15317.900 4.344280e-01
15327.900 4.340560e-01
15337.900 4.328130e-01
15347.900 4.333830e-01
15357.900 4.333480e-01
15367.900 4.324810e-01
15377.900 4.336040e-01
15387.900 4.327160e-01
15397.900 4.317180e-01
15407.900 4.315340e-01
15417.900 4.315390e-01
15427.900 4.312840e-01
15437.900 4.317650e-01
15447.900 4.307560e-01
15457.900 4.308210e-01
15467.900 4.309760e-01
15477.900 4.303850e-01
15487.900 4.319000e-01
15497.900 4.295870e-01
15507.900 4.305170e-01
15517.900 4.285520e-01
15527.900 4.298020e-01
15537.900 4.285380e-01
15547.900 4.293920e-01
15557.900 4.274700e-01
15567.900 4.266180e-01
15577.900 4.264040e-01
15587.900 4.263930e-01
15597.900 4.263950e-01
15607.900 4.256310e-01
15617.900 4.264000e-01
15627.900 4.243020e-01
15637.900 4.254800e-01
15647.900 4.251380e-01
15657.900 4.253410e-01
15667.900 4.262570e-01
15677.900 4.263260e-01
15687.900 4.267310e-01
15697.900 4.272260e-01
15707.900 4.274500e-01
15717.900 4.285370e-01
15727.900 4.309450e-01
15737.900 4.300060e-01
15747.900 4.321570e-01
15757.900 4.317510e-01
15767.900 4.340670e-01
15777.900 4.347960e-01
15787.900 4.346110e-01
15797.900 4.364820e-01
15807.900 4.377670e-01
15817.900 4.381720e-01
15827.900 4.392170e-01
15837.900 4.407080e-01
15847.900 4.421390e-01
15857.900 4.425090e-01
15867.900 4.413060e-01
15877.900 4.431070e-01
15887.900 4.424680e-01
15897.900 4.436620e-01
15907.900 4.435980e-01
15917.900 4.448080e-01
15927.900 4.452640e-01
15937.900 4.449170e-01
15947.900 4.443230e-01
15957.900 4.446500e-01
15967.900 4.464570e-01
15977.900 4.460490e-01
15987.900 4.461200e-01
15997.900 4.444490e-01
16007.900 4.471210e-01
16017.900 4.461160e-01
16027.900 4.461910e-01
16037.900 4.458120e-01
16047.900 4.471600e-01
16057.900 4.470930e-01
16067.900 4.472300e-01
16077.900 4.468560e-01
16087.900 4.464710e-01
16097.900 4.469530e-01
16107.900 4.469270e-01
16117.900 4.472380e-01
16127.900 4.460070e-01
16137.900 4.470820e-01
16147.900 4.472490e-01
16157.900 4.477230e-01
16167.900 4.478540e-01
16177.900 4.489520e-01
16187.900 4.458390e-01
16197.900 4.473840e-01
16207.900 4.452670e-01
16217.900 4.470400e-01
16227.900 4.453490e-01
16237.900 4.454440e-01
16247.900 4.448720e-01
16257.900 4.443140e-01
16267.900 4.430650e-01
16277.900 4.443670e-01
16287.900 4.435040e-01
16297.900 4.421730e-01
16307.900 4.424390e-01
16317.900 4.427750e-01
16327.900 4.434600e-01
16337.900 4.424850e-01
16347.900 4.428390e-01
16357.900 4.442290e-01
16367.900 4.439330e-01
16377.900 4.445840e-01
16387.900 4.442950e-01
16397.900 4.456710e-01
16407.900 4.446960e-01
16417.900 4.456630e-01
16427.900 4.455120e-01
16437.900 4.463440e-01
16447.900 4.433590e-01
16457.900 4.465630e-01
16467.900 4.462130e-01
16477.900 4.479690e-01
16487.900 4.471730e-01
16497.900 4.479850e-01
16507.900 4.490350e-01
16517.900 4.493030e-01
16527.900 4.514280e-01
16537.900 4.518750e-01
16547.900 4.517600e-01
16557.900 4.492970e-01
16567.900 4.479520e-01
16577.900 4.446000e-01
16587.900 4.379260e-01
16597.900 4.280650e-01
16607.900 4.168680e-01
16617.900 3.998660e-01
16627.900 3.806680e-01
16637.900 3.554510e-01
16647.900 3.301750e-01
16657.900 3.030560e-01
16667.900 2.735080e-01
16677.900 2.457650e-01
16687.900 2.165490e-01
16697.900 1.884440e-01
16707.900 1.642950e-01
16717.900 1.407510e-01
16727.900 1.205930e-01
16737.900 1.028600e-01
16747.900 8.852660e-02
16757.900 7.736270e-02
16767.900 6.723270e-02
16777.900 5.937640e-02
16787.900 5.157540e-02
16797.900 4.536010e-02
16807.900 3.987100e-02
16817.900 3.573570e-02
16827.900 3.134850e-02
16837.900 2.797130e-02
16847.900 2.441290e-02
16857.900 2.083860e-02
16867.900 1.770460e-02
16877.900 1.491270e-02
16887.900 1.245710e-02
16897.900 1.051180e-02
16907.900 8.844560e-03
16917.900 7.463970e-03
16927.900 6.252300e-03
16937.900 5.303090e-03
16947.900 4.480870e-03
16957.900 3.776140e-03
16967.900 3.228050e-03
16977.900 2.737000e-03
16987.900 2.335450e-03
16997.900 2.002530e-03
17007.900 1.726270e-03
17017.900 1.479080e-03
17027.900 1.278400e-03
17037.900 1.107530e-03
17047.900 9.584600e-04
17057.900 8.373620e-04
17067.900 7.316850e-04
17077.900 6.391230e-04
17087.900 5.604010e-04
17097.900 4.937450e-04
17107.900 4.345610e-04
17117.900 3.833730e-04
17127.900 3.413180e-04
17137.900 3.002900e-04
17147.900 2.690390e-04
17157.900 2.396780e-04
17167.900 2.148880e-04
17177.900 1.917490e-04
17187.900 1.727880e-04
17197.900 1.557350e-04
17207.900 1.406570e-04
17217.900 1.278730e-04
17227.900 1.146710e-04
17237.900 1.047250e-04
