# F277W  source: SVO FPS id=JWST/NIRCam.F277W
# wavelength[AA] transmission
23370.800 1.021310e-04
23382.800 1.169820e-04
23394.800 1.336380e-04
23406.800 1.527990e-04
23418.800 1.742440e-04
23430.800 1.987110e-04
23442.900 2.267460e-04
23454.900 2.596590e-04
23466.900 2.981340e-04
23478.900 3.427960e-04
23490.900 3.969500e-04
23502.900 4.621590e-04
23514.900 5.418080e-04
23526.900 6.382130e-04
23538.900 7.563210e-04
23550.900 9.000230e-04
23563.000 1.075620e-03
23575.000 1.288560e-03
23587.000 1.542690e-03
23599.000 1.846740e-03
23611.000 2.205500e-03
23623.000 2.618810e-03
23635.000 3.092150e-03
23647.000 3.623880e-03
23659.000 4.209530e-03
23671.000 4.846330e-03
23683.000 5.528860e-03
23695.100 6.253440e-03
23707.100 7.006090e-03
23719.100 7.788620e-03
23731.100 8.598290e-03
23743.100 9.427450e-03
23755.100 1.023710e-02
23767.100 1.111280e-02
23779.100 1.206490e-02
23791.100 1.311030e-02
23803.100 1.427880e-02
23815.200 1.559900e-02
23827.200 1.708580e-02
23839.200 1.878700e-02
23851.200 2.073720e-02
23863.200 2.299770e-02
23875.200 2.564600e-02
23887.200 2.873990e-02
23899.200 3.234270e-02
23911.200 3.656100e-02
23923.200 4.148580e-02
23935.300 4.720940e-02
23947.300 5.386000e-02
23959.300 6.143640e-02
23971.300 6.996820e-02
23983.300 7.944200e-02
23995.300 8.975620e-02
24007.300 1.007300e-01
24019.300 1.121220e-01
24031.300 1.236440e-01
24043.300 1.349800e-01
24055.300 1.458230e-01
24067.400 1.559110e-01
24079.400 1.650600e-01
24091.400 1.731840e-01
24103.400 1.803020e-01
24115.400 1.865310e-01
24127.400 1.920530e-01
24139.400 1.971130e-01
24151.400 2.019760e-01
24163.400 2.069020e-01
24175.400 2.121130e-01
24187.500 2.177720e-01
24199.500 2.239670e-01
24211.500 2.307700e-01
24223.500 2.382360e-01
24235.500 2.457830e-01
24247.500 2.534300e-01
24259.500 2.609440e-01
24271.500 2.680970e-01
24283.500 2.746940e-01
24295.500 2.806000e-01
24307.600 2.857710e-01
24319.600 2.902070e-01
24331.600 2.939700e-01
24343.600 2.971820e-01
24355.600 2.999970e-01
24367.600 3.025680e-01
24379.600 3.050440e-01
24391.600 3.075520e-01
24403.600 3.101950e-01
24415.600 3.130520e-01
24427.600 3.161720e-01
24439.700 3.195910e-01
24451.700 3.233220e-01
24463.700 3.273600e-01
24475.700 3.314660e-01
24487.700 3.358640e-01
24499.700 3.404220e-01
24511.700 3.450600e-01
24523.700 3.497650e-01
24535.700 3.544630e-01
24547.700 3.590770e-01
24559.800 3.635350e-01
24571.800 3.677790e-01
24583.800 3.717500e-01
24595.800 3.754080e-01
24607.800 3.786830e-01
24619.800 3.815800e-01
24631.800 3.841200e-01
24643.800 3.863180e-01
24655.800 3.881950e-01
24667.800 3.897770e-01
24679.800 3.910990e-01
24691.900 3.923010e-01
24703.900 3.932640e-01
24715.900 3.941270e-01
24727.900 3.948830e-01
24739.900 3.959310e-01
24751.900 3.965390e-01
24763.900 3.970150e-01
24775.900 3.974710e-01
24787.900 3.979130e-01
24799.900 3.983660e-01
24812.000 3.985730e-01
24824.000 3.985830e-01
24836.000 3.989260e-01
24848.000 3.991430e-01
24860.000 3.993830e-01
24872.000 3.995900e-01
24884.000 3.996930e-01
24896.000 3.997120e-01
24908.000 3.996940e-01
24920.000 3.995850e-01
24932.100 3.993950e-01
24944.100 3.991240e-01
24956.100 3.987690e-01
24968.100 3.983350e-01
24980.100 3.978260e-01
24992.100 3.972410e-01
25004.100 3.965870e-01
25016.100 3.958720e-01
25028.100 3.951050e-01
25040.100 3.942970e-01
25052.100 3.934570e-01
25064.200 3.925980e-01
25076.200 3.917250e-01
25088.200 3.908540e-01
25100.200 3.899930e-01
25112.200 3.891670e-01
25124.200 3.883690e-01
25136.200 3.876110e-01
25148.200 3.868970e-01
25160.200 3.862330e-01
25172.200 3.856300e-01
25184.300 3.850880e-01
25196.300 3.846130e-01
25208.300 3.842140e-01
25220.300 3.838920e-01
25232.300 3.836430e-01
25244.300 3.834710e-01
25256.300 3.833740e-01
25268.300 3.833490e-01
25280.300 3.834010e-01
25292.300 3.835250e-01
25304.400 3.837300e-01
25316.400 3.840250e-01
25328.400 3.843810e-01
25340.400 3.847950e-01
25352.400 3.852630e-01
25364.400 3.857810e-01
25376.400 3.863380e-01
25388.400 3.869320e-01
25400.400 3.875560e-01
25412.400 3.881800e-01
25424.400 3.888240e-01
25436.500 3.894820e-01
25448.500 3.901470e-01
25460.500 3.908180e-01
25472.500 3.914890e-01
25484.500 3.921570e-01
25496.500 3.928170e-01
25508.500 3.934800e-01
25520.500 3.941320e-01
25532.500 3.947690e-01
25544.500 3.953870e-01
25556.600 3.959840e-01
25568.600 3.965570e-01
25580.600 3.971080e-01
25592.600 3.976360e-01
25604.600 3.981400e-01
25616.600 3.986270e-01
25628.600 3.990900e-01
25640.600 3.995340e-01
25652.600 3.999560e-01
25664.600 4.003620e-01
25676.700 4.007550e-01
25688.700 4.011290e-01
25700.700 4.015200e-01
25712.700 4.023020e-01
25724.700 4.026410e-01
25736.700 4.029740e-01
25748.700 4.033070e-01
25760.700 4.036350e-01
25772.700 4.038430e-01
25784.700 4.038650e-01
25796.700 4.041880e-01
25808.800 4.045140e-01
25820.800 4.048520e-01
25832.800 4.052120e-01
25844.800 4.055760e-01
25856.800 4.059420e-01
25868.800 4.063140e-01
25880.800 4.066850e-01
25892.800 4.070620e-01
25904.800 4.074290e-01
25916.800 4.078000e-01
25928.900 4.081800e-01
25940.900 4.085130e-01
25952.900 4.084510e-01
25964.900 4.088130e-01
25976.900 4.094920e-01
25988.900 4.099840e-01
26000.900 4.103010e-01
26012.900 4.102680e-01
26024.900 4.101780e-01
26036.900 4.100760e-01
26049.000 4.099570e-01
26061.000 4.098200e-01
26073.000 4.096690e-01
26085.000 4.095000e-01
26097.000 4.093140e-01
26109.000 4.091150e-01
26121.000 4.088930e-01
26133.000 4.085370e-01
26145.000 4.081370e-01
26157.000 4.081410e-01
26169.000 4.081250e-01
26181.100 4.085770e-01
26193.100 4.085470e-01
26205.100 4.085100e-01
26217.100 4.084760e-01
26229.100 4.084340e-01
26241.100 4.083900e-01
26253.100 4.083450e-01
26265.100 4.082980e-01
26277.100 4.082480e-01
26289.100 4.082060e-01
26301.200 4.081660e-01
26313.200 4.081280e-01
26325.200 4.081020e-01
26337.200 4.080790e-01
26349.200 4.084970e-01
26361.200 4.085410e-01
26373.200 4.085540e-01
26385.200 4.085770e-01
26397.200 4.086180e-01
26409.200 4.086700e-01
26421.300 4.087340e-01
26433.300 4.088130e-01
26445.300 4.089060e-01
26457.300 4.090110e-01
26469.300 4.091270e-01
26481.300 4.092520e-01
26493.300 4.093860e-01
26505.300 4.092670e-01
26517.300 4.091350e-01
26529.300 4.096380e-01
26541.300 4.097320e-01
26553.400 4.097920e-01
26565.400 4.098490e-01
26577.400 4.099060e-01
26589.400 4.099610e-01
26601.400 4.099460e-01
26613.400 4.094320e-01
26625.400 4.091280e-01
26637.400 4.091270e-01
26649.400 4.091240e-01
26661.400 4.091000e-01
26673.500 4.090760e-01
26685.500 4.093080e-01
26697.500 4.094880e-01
26709.500 4.094820e-01
26721.500 4.090010e-01
26733.500 4.090010e-01
26745.500 4.090010e-01
26757.500 4.090110e-01
26769.500 4.090210e-01
26781.500 4.090210e-01
26793.500 4.090190e-01
26805.600 4.090120e-01
26817.600 4.090000e-01
26829.600 4.085220e-01
26841.600 4.084670e-01
26853.600 4.084270e-01
26865.600 4.086390e-01
26877.600 4.087900e-01
26889.600 4.087380e-01
26901.600 4.086800e-01
26913.600 4.085910e-01
26925.700 4.082380e-01
26937.700 4.079550e-01
26949.700 4.078900e-01
26961.700 4.078350e-01
26973.700 4.077910e-01
26985.700 4.077600e-01
26997.700 4.080760e-01
27009.700 4.082770e-01
27021.700 4.083320e-01
27033.700 4.082580e-01
27045.800 4.086960e-01
27057.800 4.088470e-01
27069.800 4.089970e-01
27081.800 4.091480e-01
27093.800 4.093000e-01
27105.800 4.094460e-01
27117.800 4.095880e-01
27129.800 4.097210e-01
27141.800 4.093680e-01
27153.800 4.094830e-01
27165.800 4.095840e-01
27177.900 4.096800e-01
27189.900 4.097630e-01
27201.900 4.098240e-01
27213.900 4.100260e-01
27225.900 4.103230e-01
27237.900 4.099480e-01
27249.900 4.098390e-01
27261.900 4.098270e-01
27273.900 4.098010e-01
27285.900 4.097620e-01
27298.000 4.097210e-01
27310.000 4.096800e-01
27322.000 4.096350e-01
27334.000 4.093940e-01
27346.000 4.090500e-01
27358.000 4.089880e-01
27370.000 4.089240e-01
27382.000 4.088650e-01
27394.000 4.088080e-01
27406.000 4.090350e-01
27418.100 4.091620e-01
27430.100 4.091150e-01
27442.100 4.089820e-01
27454.100 4.085820e-01
27466.100 4.085740e-01
27478.100 4.085750e-01
27490.100 4.085930e-01
27502.100 4.085620e-01
27514.100 4.082380e-01
27526.100 4.076440e-01
27538.100 4.071770e-01
27550.200 4.069140e-01
27562.200 4.065650e-01
27574.200 4.059690e-01
27586.200 4.057630e-01
27598.200 4.059560e-01
27610.200 4.058960e-01
27622.200 4.053810e-01
27634.200 4.056170e-01
27646.200 4.058160e-01
27658.200 4.060390e-01
27670.300 4.058040e-01
27682.300 4.060710e-01
27694.300 4.063550e-01
27706.300 4.063310e-01
27718.300 4.064280e-01
27730.300 4.067150e-01
27742.300 4.070160e-01
27754.300 4.071180e-01
27766.300 4.071640e-01
27778.300 4.074860e-01
27790.400 4.082740e-01
27802.400 4.084920e-01
27814.400 4.084610e-01
27826.400 4.087950e-01
27838.400 4.091220e-01
27850.400 4.094270e-01
27862.400 4.092790e-01
27874.400 4.095840e-01
27886.400 4.098790e-01
27898.400 4.101600e-01
27910.400 4.099740e-01
27922.500 4.102620e-01
27934.500 4.105340e-01
27946.500 4.104730e-01
27958.500 4.105400e-01
27970.500 4.107600e-01
27982.500 4.110780e-01
27994.500 4.113920e-01
28006.500 4.112570e-01
28018.500 4.113460e-01
28030.500 4.114160e-01
28042.600 4.113470e-01
28054.600 4.110230e-01
28066.600 4.110500e-01
28078.600 4.110630e-01
28090.600 4.110350e-01
28102.600 4.105650e-01
28114.600 4.105520e-01
28126.600 4.105310e-01
28138.600 4.105020e-01
28150.600 4.099800e-01
28162.700 4.099370e-01
28174.700 4.098920e-01
28186.700 4.101530e-01
28198.700 4.098380e-01
28210.700 4.096800e-01
28222.700 4.095820e-01
28234.700 4.094860e-01
28246.700 4.093950e-01
28258.700 4.093090e-01
28270.700 4.092250e-01
28282.700 4.091470e-01
28294.800 4.090740e-01
28306.800 4.089860e-01
28318.800 4.088850e-01
28330.800 4.087920e-01
28342.800 4.087050e-01
28354.800 4.086280e-01
28366.800 4.082300e-01
28378.800 4.080160e-01
28390.800 4.079680e-01
28402.800 4.080610e-01
28414.900 4.083640e-01
28426.900 4.083460e-01
28438.900 4.083390e-01
28450.900 4.083380e-01
28462.900 4.083500e-01
28474.900 4.083710e-01
28486.900 4.084020e-01
28498.900 4.084390e-01
28510.900 4.082460e-01
28522.900 4.080380e-01
28535.000 4.078380e-01
28547.000 4.076460e-01
28559.000 4.074600e-01
28571.000 4.072800e-01
28583.000 4.071080e-01
28595.000 4.069420e-01
28607.000 4.065050e-01
28619.000 4.063130e-01
28631.000 4.062710e-01
28643.000 4.063750e-01
28655.000 4.066620e-01
28667.100 4.066340e-01
28679.100 4.066070e-01
28691.100 4.065840e-01
28703.100 4.065740e-01
28715.100 4.066030e-01
28727.100 4.066320e-01
28739.100 4.066590e-01
28751.100 4.066840e-01
28763.100 4.067070e-01
28775.100 4.067260e-01
28787.200 4.067390e-01
28799.200 4.067450e-01
28811.200 4.067380e-01
28823.200 4.067220e-01
28835.200 4.066950e-01
28847.200 4.066560e-01
28859.200 4.061570e-01
28871.200 4.060520e-01
28883.200 4.059680e-01
28895.200 4.058670e-01
28907.200 4.058130e-01
28919.300 4.057850e-01
28931.300 4.061940e-01
28943.300 4.061230e-01
28955.300 4.060280e-01
28967.300 4.059100e-01
28979.300 4.057680e-01
28991.300 4.056020e-01
29003.300 4.053840e-01
29015.300 4.050710e-01
29027.300 4.047320e-01
29039.400 4.043680e-01
29051.400 4.039800e-01
29063.400 4.035670e-01
29075.400 4.031300e-01
29087.400 4.026710e-01
29099.400 4.021890e-01
29111.400 4.012600e-01
29123.400 4.007950e-01
29135.400 4.003130e-01
29147.400 3.998150e-01
29159.500 3.993040e-01
29171.500 3.987820e-01
29183.500 3.982510e-01
29195.500 3.977160e-01
29207.500 3.970820e-01
29219.500 3.963920e-01
29231.500 3.957010e-01
29243.500 3.950140e-01
29255.500 3.943330e-01
29267.500 3.939950e-01
29279.500 3.934410e-01
29291.600 3.927910e-01
29303.600 3.921240e-01
29315.600 3.914010e-01
29327.600 3.906960e-01
29339.600 3.900100e-01
29351.600 3.893460e-01
29363.600 3.887040e-01
29375.600 3.878240e-01
29387.600 3.870250e-01
29399.600 3.864540e-01
29411.700 3.859680e-01
29423.700 3.855090e-01
29435.700 3.853360e-01
29447.700 3.851250e-01
29459.700 3.847390e-01
29471.700 3.843760e-01
29483.700 3.840360e-01
29495.700 3.837170e-01
29507.700 3.836350e-01
29519.700 3.833020e-01
29531.800 3.828970e-01
29543.800 3.825050e-01
29555.800 3.821270e-01
29567.800 3.817600e-01
29579.800 3.814030e-01
29591.800 3.810540e-01
29603.800 3.807100e-01
29615.800 3.803680e-01
29627.800 3.800280e-01
29639.800 3.796890e-01
29651.800 3.793520e-01
29663.900 3.790110e-01
29675.900 3.786660e-01
29687.900 3.783160e-01
29699.900 3.779610e-01
29711.900 3.776330e-01
29723.900 3.772990e-01
29735.900 3.769570e-01
29747.900 3.766070e-01
29759.900 3.771200e-01
29771.900 3.767630e-01
29784.000 3.763940e-01
29796.000 3.760180e-01
29808.000 3.755110e-01
29820.000 3.749360e-01
29832.000 3.743570e-01
29844.000 3.737750e-01
29856.000 3.731900e-01
29868.000 3.726050e-01
29880.000 3.720220e-01
29892.000 3.718240e-01
29904.100 3.712930e-01
29916.100 3.708680e-01
29928.100 3.704470e-01
29940.100 3.700340e-01
29952.100 3.696280e-01
29964.100 3.692300e-01
29976.100 3.688390e-01
29988.100 3.684600e-01
30000.100 3.680890e-01
30012.100 3.675660e-01
30024.100 3.672720e-01
30036.200 3.666890e-01
30048.200 3.661150e-01
30060.200 3.655590e-01
30072.200 3.654330e-01
30084.200 3.648850e-01
30096.200 3.643440e-01
30108.200 3.639790e-01
30120.200 3.636980e-01
30132.200 3.634190e-01
30144.200 3.631430e-01
30156.300 3.628660e-01
30168.300 3.625870e-01
30180.300 3.623040e-01
30192.300 3.620170e-01
30204.300 3.616650e-01
30216.300 3.612030e-01
30228.300 3.607280e-01
30240.300 3.602400e-01
30252.300 3.597350e-01
30264.300 3.592150e-01
30276.400 3.586770e-01
30288.400 3.581190e-01
30300.400 3.575500e-01
30312.400 3.572710e-01
30324.400 3.569720e-01
30336.400 3.566530e-01
30348.400 3.563130e-01
30360.400 3.559680e-01
30372.400 3.559920e-01
30384.400 3.555880e-01
30396.400 3.551660e-01
30408.500 3.548780e-01
30420.500 3.546390e-01
30432.500 3.543810e-01
30444.500 3.541100e-01
30456.500 3.538270e-01
30468.500 3.535350e-01
30480.500 3.532530e-01
30492.500 3.532940e-01
30504.500 3.529390e-01
30516.500 3.525070e-01
30528.600 3.520790e-01
30540.600 3.516530e-01
30552.600 3.512360e-01
30564.600 3.508240e-01
30576.600 3.504240e-01
30588.600 3.500350e-01
30600.600 3.496810e-01
30612.600 3.496980e-01
30624.600 3.497320e-01
30636.600 3.497840e-01
30648.700 3.498540e-01
30660.700 3.503610e-01
30672.700 3.504690e-01
30684.700 3.507800e-01
30696.700 3.511310e-01
30708.700 3.511320e-01
30720.700 3.510850e-01
30732.700 3.510510e-01
30744.700 3.510210e-01
30756.700 3.509950e-01
30768.700 3.509670e-01
30780.800 3.509330e-01
30792.800 3.508870e-01
30804.800 3.509490e-01
30816.800 3.511780e-01
30828.800 3.513680e-01
30840.800 3.515140e-01
30852.800 3.516020e-01
30864.800 3.516220e-01
30876.800 3.515590e-01
30888.800 3.514010e-01
30900.900 3.511340e-01
30912.900 3.508310e-01
30924.900 3.503810e-01
30936.900 3.500510e-01
30948.900 3.493750e-01
30960.900 3.483620e-01
30972.900 3.471220e-01
30984.900 3.456230e-01
30996.900 3.438530e-01
31008.900 3.416660e-01
31021.000 3.391180e-01
31033.000 3.362300e-01
31045.000 3.329870e-01
31057.000 3.293680e-01
31069.000 3.253520e-01
31081.000 3.209390e-01
31093.000 3.161170e-01
31105.000 3.109150e-01
31117.000 3.053510e-01
31129.000 2.993760e-01
31141.000 2.929910e-01
31153.100 2.862110e-01
31165.100 2.790600e-01
31177.100 2.715620e-01
31189.100 2.637340e-01
31201.100 2.556690e-01
31213.100 2.477470e-01
31225.100 2.393240e-01
31237.100 2.307110e-01
31249.100 2.219540e-01
31261.100 2.130980e-01
31273.200 2.041800e-01
31285.200 1.952490e-01
31297.200 1.863500e-01
31309.200 1.774760e-01
31321.200 1.687020e-01
31333.200 1.600830e-01
31345.200 1.516510e-01
31357.200 1.434350e-01
31369.200 1.354620e-01
31381.200 1.277580e-01
31393.200 1.203370e-01
31405.300 1.132310e-01
31417.300 1.064520e-01
31429.300 9.998750e-02
31441.300 9.383790e-02
31453.300 8.800460e-02
31465.300 8.248750e-02
31477.300 7.734700e-02
31489.300 7.246190e-02
31501.300 6.784520e-02
31513.300 6.351320e-02
31525.400 5.945460e-02
31537.400 5.565860e-02
31549.400 5.211200e-02
31561.400 4.880050e-02
31573.400 4.571260e-02
31585.400 4.283430e-02
31597.400 4.015540e-02
31609.400 3.765740e-02
31621.400 3.533300e-02
31633.400 3.317070e-02
31645.500 3.115930e-02
31657.500 2.929040e-02
31669.500 2.755170e-02
31681.500 2.593550e-02
31693.500 2.443080e-02
31705.500 2.303760e-02
31717.500 2.174750e-02
31729.500 2.056900e-02
31741.500 1.944990e-02
31753.500 1.840410e-02
31765.500 1.743020e-02
31777.600 1.652120e-02
31789.600 1.567280e-02
31801.600 1.487920e-02
31813.600 1.413330e-02
31825.600 1.343620e-02
31837.600 1.278260e-02
31849.600 1.217140e-02
31861.600 1.159750e-02
31873.600 1.105940e-02
31885.600 1.055410e-02
31897.700 1.007890e-02
31909.700 9.633120e-03
31921.700 9.212760e-03
31933.700 8.817880e-03
31945.700 8.445050e-03
31957.700 8.093520e-03
31969.700 7.761510e-03
31981.700 7.455620e-03
31993.700 7.157930e-03
32005.700 6.873410e-03
32017.800 6.603200e-03
32029.800 6.345690e-03
32041.800 6.100280e-03
32053.800 5.866670e-03
32065.800 5.642750e-03
32077.800 5.429820e-03
32089.800 5.225590e-03
32101.800 5.030990e-03
32113.800 4.844040e-03
32125.800 4.660980e-03
32137.800 4.487050e-03
32149.900 4.320910e-03
32161.900 4.161640e-03
32173.900 4.007040e-03
32185.900 3.857450e-03
32197.900 3.713190e-03
32209.900 3.574080e-03
32221.900 3.444670e-03
32233.900 3.314030e-03
32245.900 3.187820e-03
32257.900 3.065300e-03
32270.000 2.946310e-03
32282.000 2.831410e-03
32294.000 2.718720e-03
32306.000 2.609470e-03
32318.000 2.502090e-03
32330.000 2.397840e-03
32342.000 2.296910e-03
32354.000 2.198170e-03
32366.000 2.103270e-03
32378.000 2.010670e-03
32390.100 1.921240e-03
32402.100 1.834270e-03
32414.100 1.749600e-03
32426.100 1.668470e-03
32438.100 1.589110e-03
32450.100 1.515170e-03
32462.100 1.442030e-03
32474.100 1.371530e-03
32486.100 1.304130e-03
32498.100 1.238470e-03
32510.100 1.176260e-03
32522.200 1.115910e-03
32534.200 1.058280e-03
32546.200 1.003260e-03
32558.200 9.497310e-04
32570.200 8.992610e-04
32582.200 8.505090e-04
32594.200 8.041600e-04
32606.200 7.599410e-04
32618.200 7.175380e-04
32630.200 6.779190e-04
32642.300 6.392060e-04
32654.300 6.024480e-04
32666.300 5.674290e-04
32678.300 5.343110e-04
32690.300 5.032190e-04
32702.300 4.731410e-04
32714.300 4.449070e-04
32726.300 4.179620e-04
32738.300 3.923280e-04
32750.300 3.689310e-04
32762.400 3.462960e-04
32774.400 3.257520e-04
32786.400 3.064000e-04
32798.400 2.876300e-04
32810.400 2.706380e-04
32822.400 2.541470e-04
32834.400 2.390710e-04
32846.400 2.245880e-04
32858.400 2.110240e-04
32870.400 1.990360e-04
32882.400 1.871510e-04
32894.500 1.767350e-04
32906.500 1.667760e-04
32918.500 1.573790e-04
32930.500 1.491190e-04
32942.500 1.408590e-04
32954.500 1.334750e-04
32966.500 1.261580e-04
32978.500 1.192070e-04
32990.500 1.131070e-04
33002.500 1.067880e-04
33014.600 1.010780e-04
