# F410M  source: SVO FPS id=JWST/NIRCam.F410M
# wavelength[AA] transmission
36740.000 1.023580e-04
36753.500 1.096740e-04
36767.000 1.134150e-04
36780.500 1.161630e-04
36794.000 1.229660e-04
36807.500 1.277090e-04
36821.100 1.330640e-04
36834.600 1.377220e-04
36848.100 1.390870e-04
36861.600 1.466000e-04
36875.100 1.530960e-04
36888.600 1.570220e-04
36902.100 1.695100e-04
36915.600 1.810430e-04
36929.200 1.878060e-04
36942.700 1.965090e-04
36956.200 2.012910e-04
36969.700 2.076190e-04
36983.200 2.207400e-04
36996.700 2.316510e-04
37010.200 2.431860e-04
37023.700 2.575540e-04
37037.300 2.697800e-04
37050.800 2.849510e-04
37064.300 3.025300e-04
37077.800 3.186530e-04
37091.300 3.361670e-04
37104.800 3.516200e-04
37118.300 3.676550e-04
37131.800 3.895670e-04
37145.400 4.098600e-04
37158.900 4.299310e-04
37172.400 4.539250e-04
37185.900 4.750560e-04
37199.400 4.979920e-04
37212.900 5.273490e-04
37226.400 5.576150e-04
37239.900 5.905750e-04
37253.500 6.247270e-04
37267.000 6.590710e-04
37280.500 7.016910e-04
37294.000 7.456630e-04
37307.500 7.850720e-04
37321.000 8.294930e-04
37334.500 8.764940e-04
37348.000 9.252390e-04
37361.500 9.836690e-04
37375.100 1.041780e-03
37388.600 1.100380e-03
37402.100 1.167480e-03
37415.600 1.236970e-03
37429.100 1.308490e-03
37442.600 1.387480e-03
37456.100 1.466410e-03
37469.600 1.549190e-03
37483.200 1.640640e-03
37496.700 1.736760e-03
37510.200 1.843270e-03
37523.700 1.958030e-03
37537.200 2.073040e-03
37550.700 2.196570e-03
37564.200 2.329170e-03
37577.700 2.465660e-03
37591.300 2.614950e-03
37604.800 2.775700e-03
37618.300 2.941830e-03
37631.800 3.120030e-03
37645.300 3.308620e-03
37658.800 3.506440e-03
37672.300 3.722290e-03
37685.800 3.950860e-03
37699.400 4.188170e-03
37712.900 4.443810e-03
37726.400 4.715460e-03
37739.900 5.001630e-03
37753.400 5.311860e-03
37766.900 5.646090e-03
37780.400 5.993680e-03
37793.900 6.364260e-03
37807.500 6.758940e-03
37821.000 7.177360e-03
37834.500 7.629090e-03
37848.000 8.110390e-03
37861.500 8.620450e-03
37875.000 9.168470e-03
37888.500 9.747180e-03
37902.000 1.035870e-02
37915.600 1.101740e-02
37929.100 1.171810e-02
37942.600 1.246290e-02
37956.100 1.326940e-02
37969.600 1.412520e-02
37983.100 1.503260e-02
37996.600 1.601280e-02
38010.100 1.705760e-02
38023.700 1.817240e-02
38037.200 1.937790e-02
38050.700 2.065850e-02
38064.200 2.202580e-02
38077.700 2.349770e-02
38091.200 2.506110e-02
38104.700 2.672830e-02
38118.200 2.851640e-02
38131.800 3.042230e-02
38145.300 3.245930e-02
38158.800 3.464150e-02
38172.300 3.697470e-02
38185.800 3.948790e-02
38199.300 4.213980e-02
38212.800 4.496520e-02
38226.300 4.797630e-02
38239.800 5.119230e-02
38253.400 5.461190e-02
38266.900 5.824040e-02
38280.400 6.209920e-02
38293.900 6.618690e-02
38307.400 7.050860e-02
38320.900 7.509100e-02
38334.400 7.992650e-02
38347.900 8.501470e-02
38361.500 9.038330e-02
38375.000 9.600910e-02
38388.500 1.019930e-01
38402.000 1.081940e-01
38415.500 1.146370e-01
38429.000 1.213340e-01
38442.500 1.283010e-01
38456.000 1.355120e-01
38469.600 1.429520e-01
38483.100 1.506250e-01
38496.600 1.585070e-01
38510.100 1.665700e-01
38523.600 1.748170e-01
38537.100 1.832280e-01
38550.600 1.917590e-01
38564.100 2.004080e-01
38577.700 2.093410e-01
38591.200 2.182010e-01
38604.700 2.270590e-01
38618.200 2.359490e-01
38631.700 2.448060e-01
38645.200 2.536620e-01
38658.700 2.624980e-01
38672.200 2.712660e-01
38685.800 2.799780e-01
38699.300 2.886250e-01
38712.800 2.971660e-01
38726.300 3.056140e-01
38739.800 3.139720e-01
38753.300 3.222070e-01
38766.800 3.303120e-01
38780.300 3.383070e-01
38793.900 3.461580e-01
38807.400 3.538500e-01
38820.900 3.614200e-01
38834.400 3.687840e-01
38847.900 3.759570e-01
38861.400 3.829660e-01
38874.900 3.897640e-01
38888.400 3.963420e-01
38902.000 4.027220e-01
38915.500 4.088830e-01
38929.000 4.148040e-01
38942.500 4.204930e-01
38956.000 4.259450e-01
38969.500 4.311260e-01
38983.000 4.365510e-01
38996.500 4.412280e-01
39010.100 4.455770e-01
39023.600 4.496430e-01
39037.100 4.534490e-01
39050.600 4.569700e-01
39064.100 4.602350e-01
39077.600 4.632620e-01
39091.100 4.660400e-01
39104.600 4.685820e-01
39118.200 4.709140e-01
39131.700 4.730240e-01
39145.200 4.751800e-01
39158.700 4.771340e-01
39172.200 4.786320e-01
39185.700 4.799320e-01
39199.200 4.810850e-01
39212.700 4.820920e-01
39226.200 4.829590e-01
39239.800 4.837200e-01
39253.300 4.843880e-01
39266.800 4.849590e-01
39280.300 4.854490e-01
39293.800 4.858760e-01
39307.300 4.862190e-01
39320.800 4.864880e-01
39334.300 4.867220e-01
39347.900 4.869010e-01
39361.400 4.870360e-01
39374.900 4.874260e-01
39388.400 4.878080e-01
39401.900 4.878970e-01
39415.400 4.880480e-01
39428.900 4.882030e-01
39442.400 4.883480e-01
39456.000 4.885000e-01
39469.500 4.886570e-01
39483.000 4.887990e-01
39496.500 4.889460e-01
39510.000 4.890380e-01
39523.500 4.891060e-01
39537.000 4.891780e-01
39550.500 4.892640e-01
39564.100 4.893590e-01
39577.600 4.894600e-01
39591.100 4.895890e-01
39604.600 4.897340e-01
39618.100 4.898810e-01
39631.600 4.900340e-01
39645.100 4.901850e-01
39658.600 4.903250e-01
39672.200 4.904620e-01
39685.700 4.905960e-01
39699.200 4.912160e-01
39712.700 4.913910e-01
39726.200 4.915390e-01
39739.700 4.916860e-01
39753.200 4.918360e-01
39766.700 4.919920e-01
39780.300 4.927080e-01
39793.800 4.928460e-01
39807.300 4.929700e-01
39820.800 4.930770e-01
39834.300 4.931560e-01
39847.800 4.932270e-01
39861.300 4.932910e-01
39874.800 4.933420e-01
39888.400 4.933890e-01
39901.900 4.934370e-01
39915.400 4.934800e-01
39928.900 4.935190e-01
39942.400 4.935660e-01
39955.900 4.936030e-01
39969.400 4.936210e-01
39982.900 4.936300e-01
39996.500 4.936270e-01
40010.000 4.936010e-01
40023.500 4.935640e-01
40037.000 4.935260e-01
40050.500 4.934830e-01
40064.000 4.934470e-01
40077.500 4.934230e-01
40091.000 4.933960e-01
40104.500 4.933900e-01
40118.100 4.934290e-01
40131.600 4.934660e-01
40145.100 4.934870e-01
40158.600 4.934990e-01
40172.100 4.935070e-01
40185.600 4.938260e-01
40199.100 4.940780e-01
40212.600 4.945770e-01
40226.200 4.945260e-01
40239.700 4.944790e-01
40253.200 4.944490e-01
40266.700 4.944300e-01
40280.200 4.944040e-01
40293.700 4.943770e-01
40307.200 4.943450e-01
40320.700 4.943060e-01
40334.300 4.942630e-01
40347.800 4.942190e-01
40361.300 4.941690e-01
40374.800 4.941220e-01
40388.300 4.940890e-01
40401.800 4.940740e-01
40415.300 4.941240e-01
40428.800 4.941800e-01
40442.400 4.942440e-01
40455.900 4.943060e-01
40469.400 4.943680e-01
40482.900 4.944270e-01
40496.400 4.944810e-01
40509.900 4.944850e-01
40523.400 4.944750e-01
40536.900 4.944640e-01
40550.500 4.944400e-01
40564.000 4.944290e-01
40577.500 4.944330e-01
40591.000 4.944470e-01
40604.500 4.947240e-01
40618.000 4.950640e-01
40631.500 4.950900e-01
40645.000 4.951040e-01
40658.600 4.951200e-01
40672.100 4.951330e-01
40685.600 4.951400e-01
40699.100 4.951450e-01
40712.600 4.952170e-01
40726.100 4.956260e-01
40739.600 4.959140e-01
40753.100 4.960000e-01
40766.700 4.960920e-01
40780.200 4.961850e-01
40793.700 4.962790e-01
40807.200 4.963400e-01
40820.700 4.963530e-01
40834.200 4.963580e-01
40847.700 4.963570e-01
40861.200 4.963480e-01
40874.800 4.963300e-01
40888.300 4.963110e-01
40901.800 4.962950e-01
40915.300 4.962760e-01
40928.800 4.962640e-01
40942.300 4.962570e-01
40955.800 4.962500e-01
40969.300 4.962370e-01
40982.800 4.962250e-01
40996.400 4.962050e-01
41009.900 4.961240e-01
41023.400 4.960190e-01
41036.900 4.963020e-01
41050.400 4.963580e-01
41063.900 4.962260e-01
41077.400 4.961010e-01
41090.900 4.959810e-01
41104.500 4.958830e-01
41118.000 4.958310e-01
41131.500 4.957880e-01
41145.000 4.957400e-01
41158.500 4.956860e-01
41172.000 4.956290e-01
41185.500 4.958690e-01
41199.000 4.960440e-01
41212.600 4.959740e-01
41226.100 4.959040e-01
41239.600 4.958360e-01
41253.100 4.957780e-01
41266.600 4.957330e-01
41280.100 4.956980e-01
41293.600 4.956700e-01
41307.100 4.956210e-01
41320.700 4.955520e-01
41334.200 4.954890e-01
41347.700 4.954280e-01
41361.200 4.953690e-01
41374.700 4.953100e-01
41388.200 4.952520e-01
41401.700 4.952170e-01
41415.200 4.953010e-01
41428.800 4.953940e-01
41442.300 4.955050e-01
41455.800 4.956420e-01
41469.300 4.957950e-01
41482.800 4.965280e-01
41496.300 4.967030e-01
41509.800 4.968380e-01
41523.300 4.969590e-01
41536.900 4.970880e-01
41550.400 4.972240e-01
41563.900 4.973580e-01
41577.400 4.974910e-01
41590.900 4.976330e-01
41604.400 4.980330e-01
41617.900 4.985060e-01
41631.400 4.986780e-01
41645.000 4.988580e-01
41658.500 4.990470e-01
41672.000 4.992350e-01
41685.500 4.994200e-01
41699.000 4.995970e-01
41712.500 4.997640e-01
41726.000 4.999120e-01
41739.500 5.000480e-01
41753.100 5.001690e-01
41766.600 5.002760e-01
41780.100 5.003720e-01
41793.600 5.004630e-01
41807.100 5.005370e-01
41820.600 5.005990e-01
41834.100 5.006520e-01
41847.600 5.006940e-01
41861.100 5.007160e-01
41874.700 5.007110e-01
41888.200 5.006790e-01
41901.700 5.006170e-01
41915.200 5.005200e-01
41928.700 5.004010e-01
41942.200 5.008280e-01
41955.700 5.006610e-01
41969.200 5.004780e-01
41982.800 5.002840e-01
41996.300 5.000780e-01
42009.800 4.998460e-01
42023.300 4.996040e-01
42036.800 4.997240e-01
42050.300 4.996280e-01
42063.800 4.993360e-01
42077.300 4.990360e-01
42090.900 4.987150e-01
42104.400 4.983800e-01
42117.900 4.980390e-01
42131.400 4.976970e-01
42144.900 4.973500e-01
42158.400 4.970000e-01
42171.900 4.966520e-01
42185.400 4.963110e-01
42199.000 4.959640e-01
42212.500 4.956060e-01
42226.000 4.952490e-01
42239.500 4.948900e-01
42253.000 4.945160e-01
42266.500 4.941260e-01
42280.000 4.937150e-01
42293.500 4.932790e-01
42307.100 4.928170e-01
42320.600 4.923450e-01
42334.100 4.918550e-01
42347.600 4.913290e-01
42361.100 4.907680e-01
42374.600 4.901800e-01
42388.100 4.895500e-01
42401.600 4.888660e-01
42415.200 4.881240e-01
42428.700 4.878090e-01
42442.200 4.869940e-01
42455.700 4.859730e-01
42469.200 4.848430e-01
42482.700 4.841270e-01
42496.200 4.827450e-01
42509.700 4.811570e-01
42523.300 4.794240e-01
42536.800 4.775260e-01
42550.300 4.754500e-01
42563.800 4.731430e-01
42577.300 4.706180e-01
42590.800 4.678750e-01
42604.300 4.646200e-01
42617.800 4.605240e-01
42631.400 4.560980e-01
42644.900 4.514050e-01
42658.400 4.464470e-01
42671.900 4.412310e-01
42685.400 4.356550e-01
42698.900 4.297720e-01
42712.400 4.232560e-01
42725.900 4.164680e-01
42739.500 4.093770e-01
42753.000 4.019620e-01
42766.500 3.943320e-01
42780.000 3.864980e-01
42793.500 3.784310e-01
42807.000 3.715080e-01
42820.500 3.657130e-01
42834.000 3.596580e-01
42847.500 3.533530e-01
42861.100 3.466340e-01
42874.600 3.397120e-01
42888.100 3.326070e-01
42901.600 3.251610e-01
42915.100 3.162090e-01
42928.600 3.072080e-01
42942.100 2.986030e-01
42955.600 2.898500e-01
42969.200 2.807730e-01
42982.700 2.717230e-01
42996.200 2.627460e-01
43009.700 2.538260e-01
43023.200 2.449510e-01
43036.700 2.361830e-01
43050.200 2.275660e-01
43063.700 2.191070e-01
43077.300 2.107920e-01
43090.800 2.026480e-01
43104.300 1.947010e-01
43117.800 1.869530e-01
43131.300 1.793950e-01
43144.800 1.720400e-01
43158.300 1.648960e-01
43171.800 1.579610e-01
43185.400 1.512290e-01
43198.900 1.447040e-01
43212.400 1.383930e-01
43225.900 1.322890e-01
43239.400 1.263900e-01
43252.900 1.206970e-01
43266.400 1.152050e-01
43279.900 1.099130e-01
43293.500 1.048180e-01
43307.000 9.991490e-02
43320.500 9.519530e-02
43334.000 9.065860e-02
43347.500 8.630410e-02
43361.000 8.212460e-02
43374.500 7.810990e-02
43388.000 7.425790e-02
43401.600 7.056940e-02
43415.100 6.703440e-02
43428.600 6.364500e-02
43442.100 6.039950e-02
43455.600 5.733890e-02
43469.100 5.440850e-02
43482.600 5.158160e-02
43496.100 4.888050e-02
43509.700 4.631090e-02
43523.200 4.391140e-02
43536.700 4.157290e-02
43550.200 3.934330e-02
43563.700 3.722960e-02
43577.200 3.521610e-02
43590.700 3.329870e-02
43604.200 3.147320e-02
43617.800 2.975180e-02
43631.300 2.811520e-02
43644.800 2.655960e-02
43658.300 2.508030e-02
43671.800 2.369030e-02
43685.300 2.237100e-02
43698.800 2.111840e-02
43712.300 1.992920e-02
43725.800 1.881380e-02
43739.400 1.775660e-02
43752.900 1.675310e-02
43766.400 1.580670e-02
43779.900 1.492240e-02
43793.400 1.408480e-02
43806.900 1.328540e-02
43820.400 1.252940e-02
43833.900 1.182290e-02
43847.500 1.115710e-02
43861.000 1.052180e-02
43874.500 9.926340e-03
43888.000 9.369270e-03
43901.500 8.845960e-03
43915.000 8.344690e-03
43928.500 7.878090e-03
43942.000 7.441200e-03
43955.600 7.031070e-03
43969.100 6.633730e-03
43982.600 6.265600e-03
43996.100 5.922650e-03
44009.600 5.601610e-03
44023.100 5.291320e-03
44036.600 5.003040e-03
44050.100 4.736230e-03
44063.700 4.487970e-03
44077.200 4.241290e-03
44090.700 4.009950e-03
44104.200 3.799470e-03
44117.700 3.602110e-03
44131.200 3.413250e-03
44144.700 3.237070e-03
44158.200 3.075440e-03
44171.800 2.918560e-03
44185.300 2.767330e-03
44198.800 2.621710e-03
44212.300 2.494760e-03
44225.800 2.371170e-03
44239.300 2.251260e-03
44252.800 2.135310e-03
44266.300 2.032420e-03
44279.900 1.933980e-03
44293.400 1.837160e-03
44306.900 1.746220e-03
44320.400 1.664370e-03
44333.900 1.587970e-03
44347.400 1.509900e-03
44360.900 1.438210e-03
44374.400 1.372650e-03
44388.000 1.313240e-03
44401.500 1.249130e-03
44415.000 1.190930e-03
44428.500 1.137790e-03
44442.000 1.088620e-03
44455.500 1.034700e-03
44469.000 9.843730e-04
44482.500 9.417390e-04
44496.100 9.058240e-04
44509.600 8.682310e-04
44523.100 8.298800e-04
44536.600 7.974060e-04
44550.100 7.647480e-04
44563.600 7.311320e-04
44577.100 6.947610e-04
44590.600 6.659920e-04
44604.100 6.382050e-04
44617.700 6.101960e-04
44631.200 5.817040e-04
44644.700 5.604770e-04
44658.200 5.429510e-04
44671.700 5.218160e-04
44685.200 4.977430e-04
44698.700 4.753620e-04
44712.200 4.572830e-04
44725.800 4.350720e-04
44739.300 4.150840e-04
44752.800 3.980870e-04
44766.300 3.910220e-04
44779.800 3.790190e-04
44793.300 3.639990e-04
44806.800 3.487930e-04
44820.300 3.379780e-04
44833.900 3.263140e-04
44847.400 3.104500e-04
44860.900 2.975560e-04
44874.400 2.873680e-04
44887.900 2.797900e-04
44901.400 2.645100e-04
44914.900 2.516520e-04
44928.400 2.409310e-04
44942.000 2.333010e-04
44955.500 2.232710e-04
44969.000 2.142610e-04
44982.500 2.102980e-04
44996.000 2.056240e-04
45009.500 1.987420e-04
45023.000 1.886380e-04
45036.500 1.852060e-04
45050.100 1.811090e-04
45063.600 1.754540e-04
45077.100 1.639510e-04
45090.600 1.570110e-04
45104.100 1.528280e-04
45117.600 1.466850e-04
45131.100 1.393580e-04
45144.600 1.333210e-04
45158.200 1.317040e-04
45171.700 1.238220e-04
45185.200 1.127880e-04
45198.700 1.046250e-04
45212.200 1.036020e-04
45225.700 1.022590e-04
